280 
209 
931 
1072 
1089 
987 
859 
180 
160 
753 
835 
793 
831 
706 
323 
350 
1035 
1155 
1106 
1094 
996 
408 
396 
954 
1135 
1225 
1263 
935 
680 
614 
1625 
1584 
1882 
1711 
938 
453 
455 
1183 
1391 
1415 
1216 
351 
406 
594 
945 
1494 
785 
2748 
2766 
2299 
2397 
2324 
970 
1602 
3383 
3500 
3600 
3120 
2771 
1755 
791 
3206 
2806 
2839 
3343 
2379 
1086 
1165 
2748 
1664 
3140 
1352 
4513 
5006 
2389 
5571 
5895 
5433 
4957 
4406 
1891 
2155 
4953 
5224 
4597 
4964 
3962 
1652 
1561 
3542 
2648 
2649 
2388 
1180 
1177 
3128 
