44 
192 
303 
312 
118 
105 
362 
382 
348 
362 
312 
96 
91 
426 
412 
356 
354 
224 
48 
69 
300 
350 
458 
374 
404 
121 
93 
358 
353 
297 
268 
279 
98 
121 
416 
313 
266 
298 
237 
64 
45 
291 
337 
333 
246 
238 
89 
93 
291 
318 
328 
299 
279 
100 
111 
427 
449 
466 
425 
329 
82 
66 
287 
306 
330 
346 
315 
111 
107 
373 
343 
366 
323 
284 
147 
120 
400 
365 
392 
390 
311 
137 
155 
456 
481 
472 
380 
156 
167 
168 
224 
672 
780 
789 
832 
478 
346 
617 
899 
928 
909 
834 
230 
567 
1115 
1120 
1071 
1165 
1049 
1080 
1434 
2187 
1405 
2113 
2093 
1366 
1053 
1336 
2319 
1670 
1370 
2554 
2511 
2074 
1328 
3480 
3481 
3361 
1792 
2526 
1864 
1846 
3350 
4001 
4024 
4066 
3569 
1508 
2319 
3974 
4424 
1806 
1993 
3186 
2356 
1716 
4269 
4887 
4752 
4245 
4159 
2157 
2955 
5358 
5577 
5548 
5198 
3694 
2601 
2393 
4664 
4113 
3702 
4094 
1588 
2114 
1438 
3392 
4589 
4547 
2674 
1406 
914 
1745 
4218 
4552 
4946 
3545 
4063 
1602 
2230 
4135 
4289 
4210 
4182 
3046 
1671 
2616 
3885 
4149 
2706 
3829 
3453 
2387 
2390 
3744 
3752 
5164 
3097 
2992 
2967 
1619 
2350 
3485 
3435 
3709 
3104 
2479 
2655 
4032 
3212 
3742 
2769 
3590 
2459 
2249 
4654 
5392 
4906 
4400 
3504 
2216 
2576 
3442 
3280 
1610 
3220 
4188 
1493 
2613 
3269 
5022 
5072 
4254 
3982 
2255 
2572 
4949 
5042 
4944 
4748 
3398 
1562 
1296 
3547 
4428 
4481 
4579 
3972 
2215 
2238 
4395 
3697 
3970 
4260 
3919 
2400 
1848 
3903 
3903 
2700 
2950 
2574 
1430 
1593 
2826 
3145 
3001 
2496 
2418 
1304 
982 
2782 
2867 
2760 
3047 
2567 
1115 
1256 
3025 
2792 
1648 
2280 
2477 
1243 
1199 
2580 
2519 
2414 
2028 
859 
768 
799 
1888 
1914 
1667 
1681 
1721 
411 
846 
1814 
1662 
2135 
2174 
1109 
735 
735 
1128 
1283 
2032 
1898 
1597 
634 
458 
1973 
1510 
1864 
1748 
1486 
791 
592 
1744 
1115 
1504 
972 
1374 
734 
572 
1422 
1259 
1408 
1365 
1082 
408 
337 
1048 
1235 
1137 
899 
195 
229 
240 
872 
831 
902 
991 
708 
337 
173 
940 
1021 
971 
941 
698 
331 
210 
354 
130 
171 
206 
391 
193 
398 
773 
609 
289 
921 
912 
422 
497 
545 
944 
1070 
1181 
618 
259 
170 
653 
599 
594 
541 
468 
115 
118 
554 
610 
554 
500 
419 
139 
154 
633 
591 
547 
568 
473 
100 
122 
583 
554 
599 
564 
537 
134 
170 
674 
603 
620 
649 
575 
216 
176 
598 
694 
624 
592 
466 
186 
258 
936 
1042 
1026 
980 
901 
487 
307 
755 
1035 
1132 
1163 
1064 
509 
533 
1421 
1698 
1691 
1787 
1447 
162 
255 
952 
1007 
1080 
997 
725 
733 
500 
1663 
1853 
1844 
1882 
1745 
1068 
1064 
1991 
1951 
1959 
1906 
1833 
1087 
479 
1900 
2279 
2127 
2231 
1578 
875 
448 
2341 
2375 
2596 
1994 
1079 
1083 
1373 
1933 
3768 
3483 
3326 
3058 
2081 
2343 
3789 
3236 
2709 
683 
2054 
1230 
1214 
2148 
3321 
3564 
1398 
1821 
1505 
1443 
3169 
2337 
3756 
3780 
2967 
2306 
2691 
4846 
5032 
3198 
5139 
4763 
3228 
3394 
5379 
3084 
2488 
952 
2566 
1543 
2229 
4389 
3516 
5112 
5154 
4163 
2158 
2225 
5033 
4132 
5167 
1633 
1921 
1555 
2270 
3667 
3381 
3213 
2750 
909 
858 
738 
3346 
2855 
3590 
3462 
3364 
2261 
499 
2254 
2864 
3433 
3618 
2959 
2291 
2470 
4122 
4538 
4361 
3458 
3277 
1985 
2135 
3050 
3139 
2911 
3716 
3040 
2206 
1932 
3895 
4196 
4245 
4010 
3482 
2912 
2541 
4385 
4332 
4350 
3637 
3951 
2509 
2878 
5385 
5740 
5708 
5021 
4723 
2939 
3174 
5033 
4648 
4304 
4469 
4401 
2356 
2760 
2863 
3398 
3407 
4087 
3470 
1438 
2272 
2334 
2726 
3327 
3249 
2980 
1809 
2113 
4061 
4267 
4205 
4138 
3769 
2278 
2416 
4358 
3839 
3836 
4123 
3600 
2078 
1986 
4371 
4488 
4293 
4107 
3623 
1951 
1741 
2609 
4335 
3179 
1908 
2729 
1526 
1586 
3809 
3600 
3450 
3304 
2931 
1175 
1293 
3111 
3195 
2241 
2608 
2096 
1314 
1079 
2632 
2619 
2518 
2242 
1976 
1002 
364 
2345 
2378 
2055 
1614 
1555 
718 
586 
2138 
2353 
2287 
2369 
1991 
855 
367 
1714 
1978 
2194 
1293 
1299 
693 
645 
2055 
1841 
2185 
1986 
1759 
650 
762 
2010 
2023 
1965 
1834 
1170 
283 
291 
1324 
1394 
1654 
1610 
1370 
499 
486 
1462 
1536 
1599 
1568 
1160 
290 
537 
964 
1535 
1263 
1194 
991 
327 
454 
1283 
1328 
1100 
1055 
819 
452 
281 
460 
278 
54 
54 
75 
106 
124 
290 
294 
249 
122 
303 
187 
200 
479 
154 
804 
677 
711 
226 
153 
579 
574 
663 
651 
397 
213 
255 
879 
795 
853 
737 
663 
232 
223 
867 
819 
815 
774 
663 
228 
97 
591 
609 
758 
754 
642 
252 
177 
721 
841 
817 
659 
654 
196 
236 
647 
723 
661 
570 
600 
235 
226 
960 
862 
1097 
1012 
915 
442 
391 
1035 
965 
1051 
1200 
873 
397 
378 
1698 
1527 
1610 
1715 
1591 
953 
1060 
2166 
2248 
2239 
2188 
1686 
784 
506 
1158 
2013 
1397 
1483 
1093 
468 
668 
685 
835 
1379 
993 
577 
407 
478 
1133 
2097 
2211 
2592 
2370 
1926 
941 
2811 
2670 
2879 
2543 
1845 
1227 
1128 
3213 
3438 
3229 
2668 
2689 
1875 
671 
2643 
3178 
1236 
2255 
938 
436 
1813 
3878 
3288 
2477 
3053 
3133 
1632 
1661 
3806 
3284 
1751 
1600 
2863 
1872 
2076 
3229 
4493 
4171 
2687 
4108 
1612 
1892 
4491 
4402 
4854 
4776 
3419 
1943 
1987 
3993 
4857 
3230 
4551 
4012 
1903 
2117 
4047 
4908 
4651 
4653 
3940 
2724 
704 
4022 
4366 
4435 
1459 
881 
837 
1654 
2818 
4339 
1881 
3984 
3226 
1926 
2549 
4943 
4234 
4698 
4902 
4105 
2369 
2330 
3807 
2712 
2822 
3335 
2510 
1812 
854 
3225 
3638 
4124 
3289 
2026 
1734 
1636 
2695 
4000 
1378 
1904 
1991 
1652 
607 
2815 
3293 
2143 
1894 
1675 
1733 
1725 
3695 
4037 
5374 
4088 
4653 
2315 
2898 
6011 
6324 
5503 
5849 
5053 
2170 
3405 
5876 
6115 
5681 
6060 
4953 
3015 
2788 
5992 
6082 
4286 
5314 
2354 
2279 
1872 
5316 
5420 
3860 
2968 
4085 
1202 
1816 
3641 
4691 
4898 
4904 
4140 
2397 
2046 
4632 
4063 
3241 
3959 
5641 
1493 
1858 
3221 
4321 
4254 
4381 
3864 
2100 
2063 
4011 
4243 
4272 
3676 
3191 
1681 
1340 
3764 
3582 
3429 
3144 
2611 
979 
1164 
2942 
3240 
3105 
3015 
2589 
1304 
1373 
3230 
3329 
3131 
2502 
2114 
1447 
874 
3149 
3085 
2765 
2783 
2318 
964 
995 
3066 
3374 
3027 
2870 
2447 
832 
406 
2635 
2735 
2640 
2262 
2241 
965 
931 
2277 
1949 
2168 
2051 
1593 
782 
569 
1855 
1658 
1882 
1640 
1290 
535 
664 
1418 
1942 
1959 
1625 
1206 
574 
339 
1872 
2022 
1539 
1481 
1605 
648 
499 
1578 
1615 
1616 
1192 
1102 
673 
454 
1346 
1305 
769 
227 
189 
225 
204 
596 
700 
734 
509 
184 
264 
183 
693 
494 
139 
411 
435 
162 
176 
783 
446 
589 
692 
646 
161 
189 
555 
572 
716 
665 
491 
209 
93 
596 
548 
525 
593 
672 
285 
253 
1016 
689 
678 
852 
690 
199 
199 
863 
748 
682 
605 
645 
280 
209 
931 
1072 
1089 
987 
859 
180 
160 
753 
835 
793 
831 
706 
323 
350 
1035 
1155 
1106 
1094 
996 
408 
396 
954 
1135 
1225 
1263 
935 
680 
614 
1625 
1584 
1882 
1711 
938 
453 
455 
1391 
1415 
1216 
351 
406 
594 
945 
1494 
785 
2748 
2766 
2299 
2397 
2324 
970 
1602 
3500 
2806 
2839 
3343 
2379 
1086 
1165 
2748 
1664 
2515 
2097 
606 
2227 
1726 
1666 
